---
fortinet: 1.3.6.1.4.1.12356
fnCoreMib: 1.3.6.1.4.1.12356.100
fnCommon: 1.3.6.1.4.1.12356.100.1
fnSystem: 1.3.6.1.4.1.12356.100.1.1
fnSysSerial: 1.3.6.1.4.1.12356.100.1.1.1
fnMgmt: 1.3.6.1.4.1.12356.100.1.2
fnMgmtLanguage: 1.3.6.1.4.1.12356.100.1.2.1
fnAdmin: 1.3.6.1.4.1.12356.100.1.2.100
fnAdminNumber: 1.3.6.1.4.1.12356.100.1.2.100.1
fnAdminTable: 1.3.6.1.4.1.12356.100.1.2.100.2
fnAdminEntry: 1.3.6.1.4.1.12356.100.1.2.100.2.1
fnAdminIndex: 1.3.6.1.4.1.12356.100.1.2.100.2.1.1
fnAdminName: 1.3.6.1.4.1.12356.100.1.2.100.2.1.2
fnAdminAddrType: 1.3.6.1.4.1.12356.100.1.2.100.2.1.3
fnAdminAddr: 1.3.6.1.4.1.12356.100.1.2.100.2.1.4
fnAdminMask: 1.3.6.1.4.1.12356.100.1.2.100.2.1.5
fnTraps: 1.3.6.1.4.1.12356.100.1.3
fnTrapsPrefix: 1.3.6.1.4.1.12356.100.1.3.0
fnTrapObjects: 1.3.6.1.4.1.12356.100.1.3.1
fnGenTrapMsg: 1.3.6.1.4.1.12356.100.1.3.1.1
fnMIBConformance: 1.3.6.1.4.1.12356.100.10
fnTrapCpuThreshold: 1.3.6.1.4.1.12356.100.1.3.0.101
fnTrapMemThreshold: 1.3.6.1.4.1.12356.100.1.3.0.102
fnTrapLogDiskThreshold: 1.3.6.1.4.1.12356.100.1.3.0.103
fnTrapTempHigh: 1.3.6.1.4.1.12356.100.1.3.0.104
fnTrapVoltageOutOfRange: 1.3.6.1.4.1.12356.100.1.3.0.105
fnTrapPowerSupplyFailure: 1.3.6.1.4.1.12356.100.1.3.0.106
fnTrapAmcIfBypassMode: 1.3.6.1.4.1.12356.100.1.3.0.107
fnTrapFanFailure: 1.3.6.1.4.1.12356.100.1.3.0.108
fnTrapIpChange: 1.3.6.1.4.1.12356.100.1.3.0.201
fnTrapTest: 1.3.6.1.4.1.12356.100.1.3.0.999

